6.67474954184204e-08 5.621185705687306e-11
1.5921106031551628e-08 2.3849636672664795e-09
3.3194263448055908e-09 -6.954028777310976e-10
8.279162329829635e-10 1.4629699857766408e-10
2.335209993613894e-10 -1.213043089821287e-10
6.510923479752822e-11 -8.39589216364226e-11
2.1555973554792337e-11 -1.832670381011169e-11
6.1204412587653535e-12 -4.2891270106812086e-12
4.960840517637103e-12 -1.2452739141644674e-12
1.9174871087398686e-13 2.124134828999876e-13
5.987454040768993e-13 1.738595617325778e-13
2.292560609272564e-13 9.359627466834972e-15
8.441886189817154e-14 6.793827300853772e-14
6.874887145832292e-14 1.939756769757105e-14
2.469336272932872e-14 4.8335137690982064e-14
5.596851922890478e-16 2.196260462044362e-14
9.576511348685652e-16 4.166432687848236e-14
-2.1415639553418396e-14 4.335985851832078e-14
-2.7304092850459238e-14 6.158716212274826e-14
-6.346184145444515e-14 5.491912218389374e-14
-8.972620678469253e-14 1.2281633440443494e-13
-2.9767402537062643e-13 2.481184608344896e-14
-6.029684547785772e-13 1.0296908299069315e-13
-1.1292553195403146e-12 7.246936510399905e-13
-5.4161520265611266e-12 -3.620918184354602e-13
-3.651393173937131e-12 -1.49482181685839e-12
-1.5921836372457666e-11 -7.187741589495437e-12
-4.989107982219634e-11 -4.785906835477714e-11
-2.150866014981186e-10 -6.534667459653833e-11
-7.863723739071369e-10 2.597007517017637e-10
-3.5166834518360806e-09 -5.024949015052209e-10
-1.6777822716800513e-08 2.4752951119998583e-09