3.953048658828173e-06 -1.6207570127210886e-23
-5.5357760575084094e-08 -6.0569881153814405e-09
-1.1298917253500099e-08 -4.4744097245353194e-10
-2.989622502775143e-09 -6.209638613862036e-10
-8.264737987768864e-10 -4.6580092458714214e-11
-2.2466814658674176e-10 2.0953628472834888e-11
-7.717148582318196e-11 1.289536231126511e-12
-2.182049998590193e-11 -2.0534120078641484e-12
-1.2550459693311632e-11 -4.321991436804192e-12
-2.8836378585295084e-12 -2.4197241009339443e-12
-1.131570564704018e-12 -1.144371526648143e-12
-3.3341389748223637e-13 -3.1374184595802035e-13
-4.549861141880764e-14 -1.7438840494918227e-13
-2.7902636928083358e-14 -5.0998978350862566e-14
2.1620246275607736e-14 -5.296947530529999e-14
3.091093400647694e-14 -2.247384901941699e-14
3.3278096572789505e-14 6.339424901312047e-27
3.091093400647792e-14 2.247384901941606e-14
2.162024627557092e-14 5.2969475305368827e-14
-2.790263692808649e-14 5.099897835086221e-14
-4.549861141881062e-14 1.743884049491727e-13
-3.3341389748226494e-13 3.1374184595800404e-13
-1.131570564703984e-12 1.1443715266482317e-12
-2.8836378585298517e-12 2.419724100933893e-12
-1.2550459693311655e-11 4.321991436804165e-12
-2.182049998590224e-11 2.053412007864173e-12
-7.717148582318215e-11 -1.2895362311261685e-12
-2.2466814658674143e-10 -2.0953628472838326e-11
-8.264737987768867e-10 4.6580092458710686e-11
-2.9896225027751432e-09 6.209638613862005e-10
-1.1298917253500092e-08 4.47440972453563e-10
-5.53577605750841e-08 6.056988115381441e-09