6.674749541842036e-08 -5.621185705726114e-11
-1.6777822716800592e-08 -2.4752951119998273e-09
-3.5166834518360913e-09 5.024949015051859e-10
-7.863723739071366e-10 -2.597007517017639e-10
-2.1508660149811876e-10 6.534667459653836e-11
-4.989107982220008e-11 4.7859068354808734e-11
-1.592183637245765e-11 7.187741589495443e-12
-3.65139317393778e-12 1.4948218168580755e-12
-5.4161520265614335e-12 3.620918184354316e-13
-1.129255319540349e-12 -7.24693651039608e-13
-6.029684547785777e-13 -1.0296908299066792e-13
-2.976740253705954e-13 -2.4811846083446444e-14
-8.97262067846896e-14 -1.2281633440440417e-13
-6.346184145441352e-14 -5.4919122183859503e-14
-2.730409285049364e-14 -6.158716212274872e-14
-2.1415639553420923e-14 -4.3359858518323795e-14
9.57651134861984e-16 -4.1664326878484913e-14
5.596851922899641e-16 -2.1962604620446218e-14
2.4693362729327467e-14 -4.8335137691013183e-14
6.874887145834717e-14 -1.939756769757084e-14
8.441886189816824e-14 -6.793827300853832e-14
2.2925606092722196e-13 -9.359627466862758e-15
5.987454040769215e-13 -1.7385956173233098e-13
1.9174871087398895e-13 -2.1241348289998542e-13
4.9608405176371e-12 1.2452739141646869e-12
6.120441258765685e-12 4.289127010681275e-12
2.1555973554792702e-11 1.832670381011198e-11
6.510923479752513e-11 8.395892163642297e-11
2.335209993613931e-10 1.2130430898210067e-10
8.279162329829641e-10 -1.4629699857766118e-10
3.3194263448055904e-09 6.954028777310972e-10
1.592110603155161e-08 -2.384963667266482e-09