6.024566958887353e-06 -6.0681452749007265e-24
5.5457695993136156e-08 6.684718338203588e-09
1.0395860637503887e-08 4.146050006426813e-10
2.6185749329019765e-09 5.31814254864981e-10
6.69524196276682e-10 5.470491786925824e-11
1.510570735107534e-10 -5.367703018880032e-12
6.014791592712196e-11 -5.144392110681352e-12
1.052868305516865e-11 -2.393500170874694e-12
8.177949198681038e-12 1.9944440133928716e-12
1.4171509601188657e-12 1.0968465738122704e-12
8.089287195876108e-13 5.67904563955958e-13
9.234499629516255e-14 -7.912014151784156e-14
-3.4389200344606633e-14 -2.5672228498255995e-14
-3.3253286981280317e-14 -8.245172302726601e-15
-8.551636680188339e-14 2.51991244840276e-14
-8.215791627260032e-14 -1.0449080524700173e-14
-8.588292063123236e-14 1.8242408433235898e-29
-8.215791627259694e-14 1.0449080524703379e-14
-8.55163668018807e-14 -2.5199124483992576e-14
-3.3253286981282765e-14 8.245172302682948e-15
-3.438920034463786e-14 2.56722284982532e-14
9.234499629512864e-14 7.912014151787213e-14
8.08928719587677e-13 -5.679045639559274e-13
1.417150960118585e-12 -1.096846573812552e-12
8.17794919868134e-12 -1.9944440133928736e-12
1.0528683055168648e-11 2.3935001708746822e-12
6.014791592712193e-11 5.1443921106813235e-12
1.510570735107534e-10 5.367703018883486e-12
6.695241962766828e-10 -5.4704917869257646e-11
2.6185749329019777e-09 -5.318142548649503e-10
1.039586063750388e-08 -4.1460500064268427e-10
5.545769599313612e-08 -6.684718338203586e-09